10,219
10,244
10,112
10,113
10,9
10,271
10,248
10,2
10,3
9,7
9,2
9,3
8,18
8,4
8,5
8,12
76,3
76,2
76,1
76,0
75,5
75,4
75,3
75,2
75,1
75,0
74,4
74,3
74,2
74,1
74,0
73,4
73,3
73,2
73,1
73,0
72,4
72,3
72,2
72,1
72,0
42,3
42,1
20,3
20,2
20,1
19,3
19,2
19,1
18,3
14,3
18,1
13,1
14,1
13,3
12,3
12,2
12,1
11,30
11,29
11,28
11,27
11,26
11,25
11,24
11,23
11,22
11,21
11,20
11,19
11,18
11,17
11,16
11,15
11,14
11,13
11,12
11,11
11,10
11,9
11,8
11,7
11,6
11,5
11,4
11,3
11,2
2,2
11,1
10,315
10,314
2,1
10,312
10,311
10,308
10,305
2,3
10,304
10,303
10,301
10,298
10,296
10,295
10,294
10,290
10,289
10,287
10,283
10,281
10,280
10,279
10,278
10,277
10,276
10,275
10,274
10,273
10,267
10,261
